{
 "cells": [
  {
   "cell_type": "markdown",
   "metadata": {},
   "source": [
    "##"
   ]
  },
  {
   "cell_type": "markdown",
   "metadata": {},
   "source": []
  },
  {
   "cell_type": "code",
   "execution_count": 1,
   "metadata": {},
   "outputs": [],
   "source": [
    "import pandas as pd\n",
    "import numpy as np\n",
    "import matplotlib.pyplot as plt\n",
    "import seaborn as sns\n",
    "from sklearn.metrics import r2_score, mean_absolute_error, mean_squared_error\n",
    "from sklearn.linear_model import LinearRegression"
   ]
  },
  {
   "cell_type": "code",
   "execution_count": 2,
   "metadata": {},
   "outputs": [],
   "source": [
    "# 데이터 불러오기.\n",
    "file = '../data/student-mat.csv'\n",
    "#pd.read_csv(file) => ;로 구분되어있는 것을 확인하고 sep = ;로 지정."
   ]
  },
  {
   "cell_type": "code",
   "execution_count": 3,
   "metadata": {},
   "outputs": [
    {
     "name": "stdout",
     "output_type": "stream",
     "text": [
      "컬럼명 : Index(['school', 'sex', 'age', 'address', 'famsize', 'Pstatus', 'Medu', 'Fedu',\n",
      "       'Mjob', 'Fjob', 'reason', 'guardian', 'traveltime', 'studytime',\n",
      "       'failures', 'schoolsup', 'famsup', 'paid', 'activities', 'nursery',\n",
      "       'higher', 'internet', 'romantic', 'famrel', 'freetime', 'goout', 'Dalc',\n",
      "       'Walc', 'health', 'absences', 'G1', 'G2', 'G3'],\n",
      "      dtype='object')\n",
      "\n",
      "<class 'pandas.core.frame.DataFrame'>\n",
      "RangeIndex: 395 entries, 0 to 394\n",
      "Data columns (total 33 columns):\n",
      " #   Column      Non-Null Count  Dtype \n",
      "---  ------      --------------  ----- \n",
      " 0   school      395 non-null    object\n",
      " 1   sex         395 non-null    object\n",
      " 2   age         395 non-null    int64 \n",
      " 3   address     395 non-null    object\n",
      " 4   famsize     395 non-null    object\n",
      " 5   Pstatus     395 non-null    object\n",
      " 6   Medu        395 non-null    int64 \n",
      " 7   Fedu        395 non-null    int64 \n",
      " 8   Mjob        395 non-null    object\n",
      " 9   Fjob        395 non-null    object\n",
      " 10  reason      395 non-null    object\n",
      " 11  guardian    395 non-null    object\n",
      " 12  traveltime  395 non-null    int64 \n",
      " 13  studytime   395 non-null    int64 \n",
      " 14  failures    395 non-null    int64 \n",
      " 15  schoolsup   395 non-null    object\n",
      " 16  famsup      395 non-null    object\n",
      " 17  paid        395 non-null    object\n",
      " 18  activities  395 non-null    object\n",
      " 19  nursery     395 non-null    object\n",
      " 20  higher      395 non-null    object\n",
      " 21  internet    395 non-null    object\n",
      " 22  romantic    395 non-null    object\n",
      " 23  famrel      395 non-null    int64 \n",
      " 24  freetime    395 non-null    int64 \n",
      " 25  goout       395 non-null    int64 \n",
      " 26  Dalc        395 non-null    int64 \n",
      " 27  Walc        395 non-null    int64 \n",
      " 28  health      395 non-null    int64 \n",
      " 29  absences    395 non-null    int64 \n",
      " 30  G1          395 non-null    int64 \n",
      " 31  G2          395 non-null    int64 \n",
      " 32  G3          395 non-null    int64 \n",
      "dtypes: int64(16), object(17)\n",
      "memory usage: 102.0+ KB\n",
      "None\n"
     ]
    }
   ],
   "source": [
    "stuDF = pd.read_csv(file, sep=';')\n",
    "\n",
    "# 컬럼명과 자료형 살펴보기\n",
    "print('컬럼명 :', stuDF.columns)\n",
    "print()\n",
    "print(stuDF.info())"
   ]
  },
  {
   "cell_type": "code",
   "execution_count": 4,
   "metadata": {},
   "outputs": [
    {
     "data": {
      "text/html": [
       "<div>\n",
       "<style scoped>\n",
       "    .dataframe tbody tr th:only-of-type {\n",
       "        vertical-align: middle;\n",
       "    }\n",
       "\n",
       "    .dataframe tbody tr th {\n",
       "        vertical-align: top;\n",
       "    }\n",
       "\n",
       "    .dataframe thead th {\n",
       "        text-align: right;\n",
       "    }\n",
       "</style>\n",
       "<table border=\"1\" class=\"dataframe\">\n",
       "  <thead>\n",
       "    <tr style=\"text-align: right;\">\n",
       "      <th></th>\n",
       "      <th>age</th>\n",
       "      <th>Medu</th>\n",
       "      <th>Fedu</th>\n",
       "      <th>traveltime</th>\n",
       "      <th>studytime</th>\n",
       "      <th>failures</th>\n",
       "      <th>famrel</th>\n",
       "      <th>freetime</th>\n",
       "      <th>goout</th>\n",
       "      <th>Dalc</th>\n",
       "      <th>Walc</th>\n",
       "      <th>health</th>\n",
       "      <th>absences</th>\n",
       "      <th>G1</th>\n",
       "      <th>G2</th>\n",
       "      <th>G3</th>\n",
       "    </tr>\n",
       "  </thead>\n",
       "  <tbody>\n",
       "    <tr>\n",
       "      <th>age</th>\n",
       "      <td>1.000000</td>\n",
       "      <td>-0.163658</td>\n",
       "      <td>-0.163438</td>\n",
       "      <td>0.070641</td>\n",
       "      <td>-0.004140</td>\n",
       "      <td>0.243665</td>\n",
       "      <td>0.053940</td>\n",
       "      <td>0.016434</td>\n",
       "      <td>0.126964</td>\n",
       "      <td>0.131125</td>\n",
       "      <td>0.117276</td>\n",
       "      <td>-0.062187</td>\n",
       "      <td>0.175230</td>\n",
       "      <td>-0.064081</td>\n",
       "      <td>-0.143474</td>\n",
       "      <td>-0.161579</td>\n",
       "    </tr>\n",
       "    <tr>\n",
       "      <th>Medu</th>\n",
       "      <td>-0.163658</td>\n",
       "      <td>1.000000</td>\n",
       "      <td>0.623455</td>\n",
       "      <td>-0.171639</td>\n",
       "      <td>0.064944</td>\n",
       "      <td>-0.236680</td>\n",
       "      <td>-0.003914</td>\n",
       "      <td>0.030891</td>\n",
       "      <td>0.064094</td>\n",
       "      <td>0.019834</td>\n",
       "      <td>-0.047123</td>\n",
       "      <td>-0.046878</td>\n",
       "      <td>0.100285</td>\n",
       "      <td>0.205341</td>\n",
       "      <td>0.215527</td>\n",
       "      <td>0.217147</td>\n",
       "    </tr>\n",
       "    <tr>\n",
       "      <th>Fedu</th>\n",
       "      <td>-0.163438</td>\n",
       "      <td>0.623455</td>\n",
       "      <td>1.000000</td>\n",
       "      <td>-0.158194</td>\n",
       "      <td>-0.009175</td>\n",
       "      <td>-0.250408</td>\n",
       "      <td>-0.001370</td>\n",
       "      <td>-0.012846</td>\n",
       "      <td>0.043105</td>\n",
       "      <td>0.002386</td>\n",
       "      <td>-0.012631</td>\n",
       "      <td>0.014742</td>\n",
       "      <td>0.024473</td>\n",
       "      <td>0.190270</td>\n",
       "      <td>0.164893</td>\n",
       "      <td>0.152457</td>\n",
       "    </tr>\n",
       "    <tr>\n",
       "      <th>traveltime</th>\n",
       "      <td>0.070641</td>\n",
       "      <td>-0.171639</td>\n",
       "      <td>-0.158194</td>\n",
       "      <td>1.000000</td>\n",
       "      <td>-0.100909</td>\n",
       "      <td>0.092239</td>\n",
       "      <td>-0.016808</td>\n",
       "      <td>-0.017025</td>\n",
       "      <td>0.028540</td>\n",
       "      <td>0.138325</td>\n",
       "      <td>0.134116</td>\n",
       "      <td>0.007501</td>\n",
       "      <td>-0.012944</td>\n",
       "      <td>-0.093040</td>\n",
       "      <td>-0.153198</td>\n",
       "      <td>-0.117142</td>\n",
       "    </tr>\n",
       "    <tr>\n",
       "      <th>studytime</th>\n",
       "      <td>-0.004140</td>\n",
       "      <td>0.064944</td>\n",
       "      <td>-0.009175</td>\n",
       "      <td>-0.100909</td>\n",
       "      <td>1.000000</td>\n",
       "      <td>-0.173563</td>\n",
       "      <td>0.039731</td>\n",
       "      <td>-0.143198</td>\n",
       "      <td>-0.063904</td>\n",
       "      <td>-0.196019</td>\n",
       "      <td>-0.253785</td>\n",
       "      <td>-0.075616</td>\n",
       "      <td>-0.062700</td>\n",
       "      <td>0.160612</td>\n",
       "      <td>0.135880</td>\n",
       "      <td>0.097820</td>\n",
       "    </tr>\n",
       "    <tr>\n",
       "      <th>failures</th>\n",
       "      <td>0.243665</td>\n",
       "      <td>-0.236680</td>\n",
       "      <td>-0.250408</td>\n",
       "      <td>0.092239</td>\n",
       "      <td>-0.173563</td>\n",
       "      <td>1.000000</td>\n",
       "      <td>-0.044337</td>\n",
       "      <td>0.091987</td>\n",
       "      <td>0.124561</td>\n",
       "      <td>0.136047</td>\n",
       "      <td>0.141962</td>\n",
       "      <td>0.065827</td>\n",
       "      <td>0.063726</td>\n",
       "      <td>-0.354718</td>\n",
       "      <td>-0.355896</td>\n",
       "      <td>-0.360415</td>\n",
       "    </tr>\n",
       "    <tr>\n",
       "      <th>famrel</th>\n",
       "      <td>0.053940</td>\n",
       "      <td>-0.003914</td>\n",
       "      <td>-0.001370</td>\n",
       "      <td>-0.016808</td>\n",
       "      <td>0.039731</td>\n",
       "      <td>-0.044337</td>\n",
       "      <td>1.000000</td>\n",
       "      <td>0.150701</td>\n",
       "      <td>0.064568</td>\n",
       "      <td>-0.077594</td>\n",
       "      <td>-0.113397</td>\n",
       "      <td>0.094056</td>\n",
       "      <td>-0.044354</td>\n",
       "      <td>0.022168</td>\n",
       "      <td>-0.018281</td>\n",
       "      <td>0.051363</td>\n",
       "    </tr>\n",
       "    <tr>\n",
       "      <th>freetime</th>\n",
       "      <td>0.016434</td>\n",
       "      <td>0.030891</td>\n",
       "      <td>-0.012846</td>\n",
       "      <td>-0.017025</td>\n",
       "      <td>-0.143198</td>\n",
       "      <td>0.091987</td>\n",
       "      <td>0.150701</td>\n",
       "      <td>1.000000</td>\n",
       "      <td>0.285019</td>\n",
       "      <td>0.209001</td>\n",
       "      <td>0.147822</td>\n",
       "      <td>0.075733</td>\n",
       "      <td>-0.058078</td>\n",
       "      <td>0.012613</td>\n",
       "      <td>-0.013777</td>\n",
       "      <td>0.011307</td>\n",
       "    </tr>\n",
       "    <tr>\n",
       "      <th>goout</th>\n",
       "      <td>0.126964</td>\n",
       "      <td>0.064094</td>\n",
       "      <td>0.043105</td>\n",
       "      <td>0.028540</td>\n",
       "      <td>-0.063904</td>\n",
       "      <td>0.124561</td>\n",
       "      <td>0.064568</td>\n",
       "      <td>0.285019</td>\n",
       "      <td>1.000000</td>\n",
       "      <td>0.266994</td>\n",
       "      <td>0.420386</td>\n",
       "      <td>-0.009577</td>\n",
       "      <td>0.044302</td>\n",
       "      <td>-0.149104</td>\n",
       "      <td>-0.162250</td>\n",
       "      <td>-0.132791</td>\n",
       "    </tr>\n",
       "    <tr>\n",
       "      <th>Dalc</th>\n",
       "      <td>0.131125</td>\n",
       "      <td>0.019834</td>\n",
       "      <td>0.002386</td>\n",
       "      <td>0.138325</td>\n",
       "      <td>-0.196019</td>\n",
       "      <td>0.136047</td>\n",
       "      <td>-0.077594</td>\n",
       "      <td>0.209001</td>\n",
       "      <td>0.266994</td>\n",
       "      <td>1.000000</td>\n",
       "      <td>0.647544</td>\n",
       "      <td>0.077180</td>\n",
       "      <td>0.111908</td>\n",
       "      <td>-0.094159</td>\n",
       "      <td>-0.064120</td>\n",
       "      <td>-0.054660</td>\n",
       "    </tr>\n",
       "    <tr>\n",
       "      <th>Walc</th>\n",
       "      <td>0.117276</td>\n",
       "      <td>-0.047123</td>\n",
       "      <td>-0.012631</td>\n",
       "      <td>0.134116</td>\n",
       "      <td>-0.253785</td>\n",
       "      <td>0.141962</td>\n",
       "      <td>-0.113397</td>\n",
       "      <td>0.147822</td>\n",
       "      <td>0.420386</td>\n",
       "      <td>0.647544</td>\n",
       "      <td>1.000000</td>\n",
       "      <td>0.092476</td>\n",
       "      <td>0.136291</td>\n",
       "      <td>-0.126179</td>\n",
       "      <td>-0.084927</td>\n",
       "      <td>-0.051939</td>\n",
       "    </tr>\n",
       "    <tr>\n",
       "      <th>health</th>\n",
       "      <td>-0.062187</td>\n",
       "      <td>-0.046878</td>\n",
       "      <td>0.014742</td>\n",
       "      <td>0.007501</td>\n",
       "      <td>-0.075616</td>\n",
       "      <td>0.065827</td>\n",
       "      <td>0.094056</td>\n",
       "      <td>0.075733</td>\n",
       "      <td>-0.009577</td>\n",
       "      <td>0.077180</td>\n",
       "      <td>0.092476</td>\n",
       "      <td>1.000000</td>\n",
       "      <td>-0.029937</td>\n",
       "      <td>-0.073172</td>\n",
       "      <td>-0.097720</td>\n",
       "      <td>-0.061335</td>\n",
       "    </tr>\n",
       "    <tr>\n",
       "      <th>absences</th>\n",
       "      <td>0.175230</td>\n",
       "      <td>0.100285</td>\n",
       "      <td>0.024473</td>\n",
       "      <td>-0.012944</td>\n",
       "      <td>-0.062700</td>\n",
       "      <td>0.063726</td>\n",
       "      <td>-0.044354</td>\n",
       "      <td>-0.058078</td>\n",
       "      <td>0.044302</td>\n",
       "      <td>0.111908</td>\n",
       "      <td>0.136291</td>\n",
       "      <td>-0.029937</td>\n",
       "      <td>1.000000</td>\n",
       "      <td>-0.031003</td>\n",
       "      <td>-0.031777</td>\n",
       "      <td>0.034247</td>\n",
       "    </tr>\n",
       "    <tr>\n",
       "      <th>G1</th>\n",
       "      <td>-0.064081</td>\n",
       "      <td>0.205341</td>\n",
       "      <td>0.190270</td>\n",
       "      <td>-0.093040</td>\n",
       "      <td>0.160612</td>\n",
       "      <td>-0.354718</td>\n",
       "      <td>0.022168</td>\n",
       "      <td>0.012613</td>\n",
       "      <td>-0.149104</td>\n",
       "      <td>-0.094159</td>\n",
       "      <td>-0.126179</td>\n",
       "      <td>-0.073172</td>\n",
       "      <td>-0.031003</td>\n",
       "      <td>1.000000</td>\n",
       "      <td>0.852118</td>\n",
       "      <td>0.801468</td>\n",
       "    </tr>\n",
       "    <tr>\n",
       "      <th>G2</th>\n",
       "      <td>-0.143474</td>\n",
       "      <td>0.215527</td>\n",
       "      <td>0.164893</td>\n",
       "      <td>-0.153198</td>\n",
       "      <td>0.135880</td>\n",
       "      <td>-0.355896</td>\n",
       "      <td>-0.018281</td>\n",
       "      <td>-0.013777</td>\n",
       "      <td>-0.162250</td>\n",
       "      <td>-0.064120</td>\n",
       "      <td>-0.084927</td>\n",
       "      <td>-0.097720</td>\n",
       "      <td>-0.031777</td>\n",
       "      <td>0.852118</td>\n",
       "      <td>1.000000</td>\n",
       "      <td>0.904868</td>\n",
       "    </tr>\n",
       "    <tr>\n",
       "      <th>G3</th>\n",
       "      <td>-0.161579</td>\n",
       "      <td>0.217147</td>\n",
       "      <td>0.152457</td>\n",
       "      <td>-0.117142</td>\n",
       "      <td>0.097820</td>\n",
       "      <td>-0.360415</td>\n",
       "      <td>0.051363</td>\n",
       "      <td>0.011307</td>\n",
       "      <td>-0.132791</td>\n",
       "      <td>-0.054660</td>\n",
       "      <td>-0.051939</td>\n",
       "      <td>-0.061335</td>\n",
       "      <td>0.034247</td>\n",
       "      <td>0.801468</td>\n",
       "      <td>0.904868</td>\n",
       "      <td>1.000000</td>\n",
       "    </tr>\n",
       "  </tbody>\n",
       "</table>\n",
       "</div>"
      ],
      "text/plain": [
       "                 age      Medu      Fedu  traveltime  studytime  failures  \\\n",
       "age         1.000000 -0.163658 -0.163438    0.070641  -0.004140  0.243665   \n",
       "Medu       -0.163658  1.000000  0.623455   -0.171639   0.064944 -0.236680   \n",
       "Fedu       -0.163438  0.623455  1.000000   -0.158194  -0.009175 -0.250408   \n",
       "traveltime  0.070641 -0.171639 -0.158194    1.000000  -0.100909  0.092239   \n",
       "studytime  -0.004140  0.064944 -0.009175   -0.100909   1.000000 -0.173563   \n",
       "failures    0.243665 -0.236680 -0.250408    0.092239  -0.173563  1.000000   \n",
       "famrel      0.053940 -0.003914 -0.001370   -0.016808   0.039731 -0.044337   \n",
       "freetime    0.016434  0.030891 -0.012846   -0.017025  -0.143198  0.091987   \n",
       "goout       0.126964  0.064094  0.043105    0.028540  -0.063904  0.124561   \n",
       "Dalc        0.131125  0.019834  0.002386    0.138325  -0.196019  0.136047   \n",
       "Walc        0.117276 -0.047123 -0.012631    0.134116  -0.253785  0.141962   \n",
       "health     -0.062187 -0.046878  0.014742    0.007501  -0.075616  0.065827   \n",
       "absences    0.175230  0.100285  0.024473   -0.012944  -0.062700  0.063726   \n",
       "G1         -0.064081  0.205341  0.190270   -0.093040   0.160612 -0.354718   \n",
       "G2         -0.143474  0.215527  0.164893   -0.153198   0.135880 -0.355896   \n",
       "G3         -0.161579  0.217147  0.152457   -0.117142   0.097820 -0.360415   \n",
       "\n",
       "              famrel  freetime     goout      Dalc      Walc    health  \\\n",
       "age         0.053940  0.016434  0.126964  0.131125  0.117276 -0.062187   \n",
       "Medu       -0.003914  0.030891  0.064094  0.019834 -0.047123 -0.046878   \n",
       "Fedu       -0.001370 -0.012846  0.043105  0.002386 -0.012631  0.014742   \n",
       "traveltime -0.016808 -0.017025  0.028540  0.138325  0.134116  0.007501   \n",
       "studytime   0.039731 -0.143198 -0.063904 -0.196019 -0.253785 -0.075616   \n",
       "failures   -0.044337  0.091987  0.124561  0.136047  0.141962  0.065827   \n",
       "famrel      1.000000  0.150701  0.064568 -0.077594 -0.113397  0.094056   \n",
       "freetime    0.150701  1.000000  0.285019  0.209001  0.147822  0.075733   \n",
       "goout       0.064568  0.285019  1.000000  0.266994  0.420386 -0.009577   \n",
       "Dalc       -0.077594  0.209001  0.266994  1.000000  0.647544  0.077180   \n",
       "Walc       -0.113397  0.147822  0.420386  0.647544  1.000000  0.092476   \n",
       "health      0.094056  0.075733 -0.009577  0.077180  0.092476  1.000000   \n",
       "absences   -0.044354 -0.058078  0.044302  0.111908  0.136291 -0.029937   \n",
       "G1          0.022168  0.012613 -0.149104 -0.094159 -0.126179 -0.073172   \n",
       "G2         -0.018281 -0.013777 -0.162250 -0.064120 -0.084927 -0.097720   \n",
       "G3          0.051363  0.011307 -0.132791 -0.054660 -0.051939 -0.061335   \n",
       "\n",
       "            absences        G1        G2        G3  \n",
       "age         0.175230 -0.064081 -0.143474 -0.161579  \n",
       "Medu        0.100285  0.205341  0.215527  0.217147  \n",
       "Fedu        0.024473  0.190270  0.164893  0.152457  \n",
       "traveltime -0.012944 -0.093040 -0.153198 -0.117142  \n",
       "studytime  -0.062700  0.160612  0.135880  0.097820  \n",
       "failures    0.063726 -0.354718 -0.355896 -0.360415  \n",
       "famrel     -0.044354  0.022168 -0.018281  0.051363  \n",
       "freetime   -0.058078  0.012613 -0.013777  0.011307  \n",
       "goout       0.044302 -0.149104 -0.162250 -0.132791  \n",
       "Dalc        0.111908 -0.094159 -0.064120 -0.054660  \n",
       "Walc        0.136291 -0.126179 -0.084927 -0.051939  \n",
       "health     -0.029937 -0.073172 -0.097720 -0.061335  \n",
       "absences    1.000000 -0.031003 -0.031777  0.034247  \n",
       "G1         -0.031003  1.000000  0.852118  0.801468  \n",
       "G2         -0.031777  0.852118  1.000000  0.904868  \n",
       "G3          0.034247  0.801468  0.904868  1.000000  "
      ]
     },
     "execution_count": 4,
     "metadata": {},
     "output_type": "execute_result"
    }
   ],
   "source": [
    "stuDF.corr(numeric_only=True)"
   ]
  },
  {
   "cell_type": "markdown",
   "metadata": {},
   "source": [
    "[컬럼 이름 분류]\n",
    "- 학교\n",
    "- 성별(F= 여성, M = 남성)\n",
    "- 나이\n",
    "- 주소\n",
    "- 가족 크기\n",
    "- 부모님의 동거 여부\n",
    "- 어머니 교육수준\n",
    "- 아버지 교육수준\n",
    "- 어머니 직업\n",
    "- 아버지 직업\n",
    "- reason : 학교 선택 이유\n",
    "- guardian : 학생의 보호자 (father or mother or other)\n",
    "- traveltime : 등교 시간\n",
    "- studytime : 주당 공부시간\n",
    "- failures : 과거 낙제한 수업의 개수\n",
    "- extra educational support : 추가적인 교육 지원\n",
    "- family educational support : 가정의 교육 지원\n",
    "- extra paid classes within the course subject : 교과목 내의 추가 유급(有給) 수업\n",
    "- activities : 추가 활동\n",
    "- nursery : 보육원에 다니다\n",
    "- higher : 고등교육을 받고 싶음 wants to take higher education\n",
    "- internet : 집에서의 인터넷 접근성 Internet access at home (binary: yes or no)\n",
    "- romantic : with a romantic relationship (binary: yes or no)\n",
    "- famrel : 가족 관계 quality of family relationships (numeric: from 1 - very bad to 5 - excellent)\n",
    "- freetime : 방과후 자유시간 (free time after school (numeric: from 1 - very low to 5 - very high)) => 숫자 클수록 많음.\n",
    "- goout : 친구와 놀러나가기 (going out with friends (numeric: from 1 - very low to 5 - very high)) => 숫자 클수록 많이 놂.\n",
    "- Dalc : workday alcohol consumption (numeric: from 1 - very low to 5 - very high) => 숫자가 작을수록 술 적게 마심 good\n",
    "- Walc : weekend alcohol consumption (numeric: from 1 - very low to 5 - very high) => 숫자가 작을수록 술 적게 마심 good\n",
    "- health : 현재 건강 상태(current health status (numeric: from 1 - very bad to 5 - very good)) => 숫자가 클수록 good\n",
    "- absences : 결석 횟수 (number of school absences (numeric: from 0 to 93)) => 숫자가 작을수록 good\n",
    "- G1 : first period grade (numeric: from 0 to 20)\n",
    "- G2 : second period grade (numeric: from 0 to 20)\n",
    "- G3 : final grade (numeric: from 0 to 20, output target)"
   ]
  },
  {
   "cell_type": "code",
   "execution_count": 5,
   "metadata": {},
   "outputs": [
    {
     "name": "stdout",
     "output_type": "stream",
     "text": [
      "school\n",
      "GP    349\n",
      "MS     46\n",
      "Name: count, dtype: int64\n",
      "sex\n",
      "F    208\n",
      "M    187\n",
      "Name: count, dtype: int64\n",
      "age\n",
      "16    104\n",
      "17     98\n",
      "18     82\n",
      "15     82\n",
      "19     24\n",
      "20      3\n",
      "22      1\n",
      "21      1\n",
      "Name: count, dtype: int64\n",
      "address\n",
      "U    307\n",
      "R     88\n",
      "Name: count, dtype: int64\n",
      "famsize\n",
      "GT3    281\n",
      "LE3    114\n",
      "Name: count, dtype: int64\n",
      "Pstatus\n",
      "T    354\n",
      "A     41\n",
      "Name: count, dtype: int64\n",
      "Medu\n",
      "4    131\n",
      "2    103\n",
      "3     99\n",
      "1     59\n",
      "0      3\n",
      "Name: count, dtype: int64\n",
      "Fedu\n",
      "2    115\n",
      "3    100\n",
      "4     96\n",
      "1     82\n",
      "0      2\n",
      "Name: count, dtype: int64\n",
      "Mjob\n",
      "other       141\n",
      "services    103\n",
      "at_home      59\n",
      "teacher      58\n",
      "health       34\n",
      "Name: count, dtype: int64\n",
      "Fjob\n",
      "other       217\n",
      "services    111\n",
      "teacher      29\n",
      "at_home      20\n",
      "health       18\n",
      "Name: count, dtype: int64\n",
      "reason\n",
      "course        145\n",
      "home          109\n",
      "reputation    105\n",
      "other          36\n",
      "Name: count, dtype: int64\n",
      "guardian\n",
      "mother    273\n",
      "father     90\n",
      "other      32\n",
      "Name: count, dtype: int64\n",
      "traveltime\n",
      "1    257\n",
      "2    107\n",
      "3     23\n",
      "4      8\n",
      "Name: count, dtype: int64\n",
      "studytime\n",
      "2    198\n",
      "1    105\n",
      "3     65\n",
      "4     27\n",
      "Name: count, dtype: int64\n",
      "failures\n",
      "0    312\n",
      "1     50\n",
      "2     17\n",
      "3     16\n",
      "Name: count, dtype: int64\n",
      "schoolsup\n",
      "no     344\n",
      "yes     51\n",
      "Name: count, dtype: int64\n",
      "famsup\n",
      "yes    242\n",
      "no     153\n",
      "Name: count, dtype: int64\n",
      "paid\n",
      "no     214\n",
      "yes    181\n",
      "Name: count, dtype: int64\n",
      "activities\n",
      "yes    201\n",
      "no     194\n",
      "Name: count, dtype: int64\n",
      "nursery\n",
      "yes    314\n",
      "no      81\n",
      "Name: count, dtype: int64\n",
      "higher\n",
      "yes    375\n",
      "no      20\n",
      "Name: count, dtype: int64\n",
      "internet\n",
      "yes    329\n",
      "no      66\n",
      "Name: count, dtype: int64\n",
      "romantic\n",
      "no     263\n",
      "yes    132\n",
      "Name: count, dtype: int64\n",
      "famrel\n",
      "4    195\n",
      "5    106\n",
      "3     68\n",
      "2     18\n",
      "1      8\n",
      "Name: count, dtype: int64\n",
      "freetime\n",
      "3    157\n",
      "4    115\n",
      "2     64\n",
      "5     40\n",
      "1     19\n",
      "Name: count, dtype: int64\n",
      "goout\n",
      "3    130\n",
      "2    103\n",
      "4     86\n",
      "5     53\n",
      "1     23\n",
      "Name: count, dtype: int64\n",
      "Dalc\n",
      "1    276\n",
      "2     75\n",
      "3     26\n",
      "5      9\n",
      "4      9\n",
      "Name: count, dtype: int64\n",
      "Walc\n",
      "1    151\n",
      "2     85\n",
      "3     80\n",
      "4     51\n",
      "5     28\n",
      "Name: count, dtype: int64\n",
      "health\n",
      "5    146\n",
      "3     91\n",
      "4     66\n",
      "1     47\n",
      "2     45\n",
      "Name: count, dtype: int64\n",
      "absences\n",
      "0     115\n",
      "2      65\n",
      "4      53\n",
      "6      31\n",
      "8      22\n",
      "10     17\n",
      "14     12\n",
      "12     12\n",
      "3       8\n",
      "16      7\n",
      "7       7\n",
      "5       5\n",
      "18      5\n",
      "20      4\n",
      "11      3\n",
      "9       3\n",
      "13      3\n",
      "15      3\n",
      "22      3\n",
      "1       3\n",
      "38      1\n",
      "30      1\n",
      "40      1\n",
      "23      1\n",
      "19      1\n",
      "28      1\n",
      "75      1\n",
      "21      1\n",
      "24      1\n",
      "56      1\n",
      "26      1\n",
      "54      1\n",
      "25      1\n",
      "17      1\n",
      "Name: count, dtype: int64\n",
      "G1\n",
      "10    51\n",
      "8     41\n",
      "11    39\n",
      "7     37\n",
      "12    35\n",
      "13    33\n",
      "9     31\n",
      "14    30\n",
      "15    24\n",
      "6     24\n",
      "16    22\n",
      "18     8\n",
      "17     8\n",
      "5      7\n",
      "19     3\n",
      "4      1\n",
      "3      1\n",
      "Name: count, dtype: int64\n",
      "G2\n",
      "9     50\n",
      "10    46\n",
      "12    41\n",
      "13    37\n",
      "11    35\n",
      "15    34\n",
      "8     32\n",
      "14    23\n",
      "7     21\n",
      "5     15\n",
      "6     14\n",
      "16    13\n",
      "0     13\n",
      "18    12\n",
      "17     5\n",
      "19     3\n",
      "4      1\n",
      "Name: count, dtype: int64\n",
      "G3\n",
      "10    56\n",
      "11    47\n",
      "0     38\n",
      "15    33\n",
      "8     32\n",
      "13    31\n",
      "12    31\n",
      "9     28\n",
      "14    27\n",
      "16    16\n",
      "6     15\n",
      "18    12\n",
      "7      9\n",
      "5      7\n",
      "17     6\n",
      "19     5\n",
      "20     1\n",
      "4      1\n",
      "Name: count, dtype: int64\n"
     ]
    }
   ],
   "source": [
    "for i in stuDF.columns :\n",
    "    print(stuDF[i].value_counts())"
   ]
  },
  {
   "cell_type": "code",
   "execution_count": 6,
   "metadata": {},
   "outputs": [
    {
     "data": {
      "text/plain": [
       "G3            1.000000\n",
       "G2            0.904868\n",
       "G1            0.801468\n",
       "failures      0.360415\n",
       "Medu          0.217147\n",
       "age           0.161579\n",
       "Fedu          0.152457\n",
       "goout         0.132791\n",
       "traveltime    0.117142\n",
       "studytime     0.097820\n",
       "health        0.061335\n",
       "Dalc          0.054660\n",
       "Walc          0.051939\n",
       "famrel        0.051363\n",
       "absences      0.034247\n",
       "freetime      0.011307\n",
       "Name: G3, dtype: float64"
      ]
     },
     "execution_count": 6,
     "metadata": {},
     "output_type": "execute_result"
    }
   ],
   "source": [
    "stuDF_corr = stuDF.corr(numeric_only=True)\n",
    "abs(stuDF_corr['G3']).sort_values(ascending=False)"
   ]
  },
  {
   "cell_type": "code",
   "execution_count": 7,
   "metadata": {},
   "outputs": [],
   "source": [
    "# 데이터 간 상관관계를 corr()로 확인해 보았더니 G1, G2, G3를 제외한 나머지는 상관계수가 높지 않아 데이터를 튜닝(?!) 하기로 결정.\n",
    "# Yes/No 답안 ==> Y:1, N:0으로 replace\n",
    "#  : schoolsup 추가교육(보충수업?) / famsup 가족 교육 지원 / paid 수학 공부 추가 지원 여부\n",
    "#  : activities 과외 활동 nursery 보육원 higher 고등교육 희망 유무 internet 인터넷 접속 romantic 이성교제\n",
    "#  : traveltime 이동 시간(15분 이상 Y)\n",
    "\n",
    "# 점수가 높을수록 긍정적.\n",
    "#  :  studytime 학습 시간 -> 1 ~ 4 (높을 수록 많음.) \n",
    "#  : Medu 어머니의 교육, Fedu 아버지의 교육 -> 0~ 4 (숫자가 클수록 높음.)\n",
    "#  :  health 현재 건강 상태 (1 ~ 5) famrel 가족관계 -> (1~5) freetime 자유시간 -> (1~5) goout 외출 -> (1~5)\n",
    "    # * Medu / Fedu --> 점수 범위 1~5로 변경\n",
    "\n",
    "# 점수가 높을수록 악영향\n",
    "#  : Dalc 일과 중 음주(1~5) Walc 주말 음주(1~5) absences 결석 횟수(1~93) failures 낙제 횟수 -> 1~4 (1,2,3 아니면 4)\n",
    "    # * absences 결석 횟수 \n",
    "    # * Dalc, Walc, failures 점수 반대로 뒤집기..(안좋을수록 낮은 점수.)"
   ]
  },
  {
   "cell_type": "code",
   "execution_count": 8,
   "metadata": {},
   "outputs": [],
   "source": [
    "# 데이터 전처리\n",
    "\n",
    "stuDF = stuDF.replace({'yes':1, 'no':0})"
   ]
  },
  {
   "cell_type": "code",
   "execution_count": 9,
   "metadata": {},
   "outputs": [],
   "source": [
    "# # Medu/Fedu 점수 범위 변경\n",
    "# stuDF['Medu'] = stuDF['Medu'].replace({0:1, 1:2, 2:3, 3:4, 4:5})\n",
    "# stuDF['Fedu'] = stuDF['Fedu'].replace({0:1, 1:2, 2:3, 3:4, 4:5})\n",
    "\n",
    "# # 점수가 높을수록 부정적인 컬럼 점수 뒤집기\n",
    "# stuDF['Dalc'] = stuDF['Dalc'].replace({1:5, 2:4, 3:3, 4:2, 5:1})\n",
    "# stuDF['Walc'] = stuDF['Walc'].replace({1:5, 2:4, 3:3, 4:2, 5:1})\n",
    "# stuDF['failures'] = stuDF['failures'].replace({1:4, 2:3, 3:2, 4:1})"
   ]
  },
  {
   "cell_type": "code",
   "execution_count": 10,
   "metadata": {},
   "outputs": [
    {
     "data": {
      "text/html": [
       "<div>\n",
       "<style scoped>\n",
       "    .dataframe tbody tr th:only-of-type {\n",
       "        vertical-align: middle;\n",
       "    }\n",
       "\n",
       "    .dataframe tbody tr th {\n",
       "        vertical-align: top;\n",
       "    }\n",
       "\n",
       "    .dataframe thead th {\n",
       "        text-align: right;\n",
       "    }\n",
       "</style>\n",
       "<table border=\"1\" class=\"dataframe\">\n",
       "  <thead>\n",
       "    <tr style=\"text-align: right;\">\n",
       "      <th></th>\n",
       "      <th>age</th>\n",
       "      <th>Medu</th>\n",
       "      <th>Fedu</th>\n",
       "      <th>traveltime</th>\n",
       "      <th>studytime</th>\n",
       "      <th>failures</th>\n",
       "      <th>schoolsup</th>\n",
       "      <th>famsup</th>\n",
       "      <th>paid</th>\n",
       "      <th>activities</th>\n",
       "      <th>...</th>\n",
       "      <th>famrel</th>\n",
       "      <th>freetime</th>\n",
       "      <th>goout</th>\n",
       "      <th>Dalc</th>\n",
       "      <th>Walc</th>\n",
       "      <th>health</th>\n",
       "      <th>absences</th>\n",
       "      <th>G1</th>\n",
       "      <th>G2</th>\n",
       "      <th>G3</th>\n",
       "    </tr>\n",
       "  </thead>\n",
       "  <tbody>\n",
       "    <tr>\n",
       "      <th>age</th>\n",
       "      <td>1.000000</td>\n",
       "      <td>-0.163658</td>\n",
       "      <td>-0.163438</td>\n",
       "      <td>0.070641</td>\n",
       "      <td>-0.004140</td>\n",
       "      <td>0.243665</td>\n",
       "      <td>-0.251811</td>\n",
       "      <td>-0.140609</td>\n",
       "      <td>-0.035933</td>\n",
       "      <td>-0.103063</td>\n",
       "      <td>...</td>\n",
       "      <td>0.053940</td>\n",
       "      <td>0.016434</td>\n",
       "      <td>0.126964</td>\n",
       "      <td>0.131125</td>\n",
       "      <td>0.117276</td>\n",
       "      <td>-0.062187</td>\n",
       "      <td>0.175230</td>\n",
       "      <td>-0.064081</td>\n",
       "      <td>-0.143474</td>\n",
       "      <td>-0.161579</td>\n",
       "    </tr>\n",
       "    <tr>\n",
       "      <th>Medu</th>\n",
       "      <td>-0.163658</td>\n",
       "      <td>1.000000</td>\n",
       "      <td>0.623455</td>\n",
       "      <td>-0.171639</td>\n",
       "      <td>0.064944</td>\n",
       "      <td>-0.236680</td>\n",
       "      <td>-0.036029</td>\n",
       "      <td>0.183727</td>\n",
       "      <td>0.159700</td>\n",
       "      <td>0.108277</td>\n",
       "      <td>...</td>\n",
       "      <td>-0.003914</td>\n",
       "      <td>0.030891</td>\n",
       "      <td>0.064094</td>\n",
       "      <td>0.019834</td>\n",
       "      <td>-0.047123</td>\n",
       "      <td>-0.046878</td>\n",
       "      <td>0.100285</td>\n",
       "      <td>0.205341</td>\n",
       "      <td>0.215527</td>\n",
       "      <td>0.217147</td>\n",
       "    </tr>\n",
       "    <tr>\n",
       "      <th>Fedu</th>\n",
       "      <td>-0.163438</td>\n",
       "      <td>0.623455</td>\n",
       "      <td>1.000000</td>\n",
       "      <td>-0.158194</td>\n",
       "      <td>-0.009175</td>\n",
       "      <td>-0.250408</td>\n",
       "      <td>0.037530</td>\n",
       "      <td>0.185496</td>\n",
       "      <td>0.086981</td>\n",
       "      <td>0.112643</td>\n",
       "      <td>...</td>\n",
       "      <td>-0.001370</td>\n",
       "      <td>-0.012846</td>\n",
       "      <td>0.043105</td>\n",
       "      <td>0.002386</td>\n",
       "      <td>-0.012631</td>\n",
       "      <td>0.014742</td>\n",
       "      <td>0.024473</td>\n",
       "      <td>0.190270</td>\n",
       "      <td>0.164893</td>\n",
       "      <td>0.152457</td>\n",
       "    </tr>\n",
       "    <tr>\n",
       "      <th>traveltime</th>\n",
       "      <td>0.070641</td>\n",
       "      <td>-0.171639</td>\n",
       "      <td>-0.158194</td>\n",
       "      <td>1.000000</td>\n",
       "      <td>-0.100909</td>\n",
       "      <td>0.092239</td>\n",
       "      <td>-0.009246</td>\n",
       "      <td>-0.003286</td>\n",
       "      <td>-0.066420</td>\n",
       "      <td>-0.007766</td>\n",
       "      <td>...</td>\n",
       "      <td>-0.016808</td>\n",
       "      <td>-0.017025</td>\n",
       "      <td>0.028540</td>\n",
       "      <td>0.138325</td>\n",
       "      <td>0.134116</td>\n",
       "      <td>0.007501</td>\n",
       "      <td>-0.012944</td>\n",
       "      <td>-0.093040</td>\n",
       "      <td>-0.153198</td>\n",
       "      <td>-0.117142</td>\n",
       "    </tr>\n",
       "    <tr>\n",
       "      <th>studytime</th>\n",
       "      <td>-0.004140</td>\n",
       "      <td>0.064944</td>\n",
       "      <td>-0.009175</td>\n",
       "      <td>-0.100909</td>\n",
       "      <td>1.000000</td>\n",
       "      <td>-0.173563</td>\n",
       "      <td>0.037763</td>\n",
       "      <td>0.145228</td>\n",
       "      <td>0.167220</td>\n",
       "      <td>0.089877</td>\n",
       "      <td>...</td>\n",
       "      <td>0.039731</td>\n",
       "      <td>-0.143198</td>\n",
       "      <td>-0.063904</td>\n",
       "      <td>-0.196019</td>\n",
       "      <td>-0.253785</td>\n",
       "      <td>-0.075616</td>\n",
       "      <td>-0.062700</td>\n",
       "      <td>0.160612</td>\n",
       "      <td>0.135880</td>\n",
       "      <td>0.097820</td>\n",
       "    </tr>\n",
       "    <tr>\n",
       "      <th>failures</th>\n",
       "      <td>0.243665</td>\n",
       "      <td>-0.236680</td>\n",
       "      <td>-0.250408</td>\n",
       "      <td>0.092239</td>\n",
       "      <td>-0.173563</td>\n",
       "      <td>1.000000</td>\n",
       "      <td>-0.000437</td>\n",
       "      <td>-0.055075</td>\n",
       "      <td>-0.188039</td>\n",
       "      <td>-0.069341</td>\n",
       "      <td>...</td>\n",
       "      <td>-0.044337</td>\n",
       "      <td>0.091987</td>\n",
       "      <td>0.124561</td>\n",
       "      <td>0.136047</td>\n",
       "      <td>0.141962</td>\n",
       "      <td>0.065827</td>\n",
       "      <td>0.063726</td>\n",
       "      <td>-0.354718</td>\n",
       "      <td>-0.355896</td>\n",
       "      <td>-0.360415</td>\n",
       "    </tr>\n",
       "    <tr>\n",
       "      <th>schoolsup</th>\n",
       "      <td>-0.251811</td>\n",
       "      <td>-0.036029</td>\n",
       "      <td>0.037530</td>\n",
       "      <td>-0.009246</td>\n",
       "      <td>0.037763</td>\n",
       "      <td>-0.000437</td>\n",
       "      <td>1.000000</td>\n",
       "      <td>0.104681</td>\n",
       "      <td>-0.020753</td>\n",
       "      <td>0.046032</td>\n",
       "      <td>...</td>\n",
       "      <td>-0.001345</td>\n",
       "      <td>-0.045465</td>\n",
       "      <td>-0.037698</td>\n",
       "      <td>-0.021485</td>\n",
       "      <td>-0.087152</td>\n",
       "      <td>-0.034124</td>\n",
       "      <td>0.022526</td>\n",
       "      <td>-0.212607</td>\n",
       "      <td>-0.117385</td>\n",
       "      <td>-0.082788</td>\n",
       "    </tr>\n",
       "    <tr>\n",
       "      <th>famsup</th>\n",
       "      <td>-0.140609</td>\n",
       "      <td>0.183727</td>\n",
       "      <td>0.185496</td>\n",
       "      <td>-0.003286</td>\n",
       "      <td>0.145228</td>\n",
       "      <td>-0.055075</td>\n",
       "      <td>0.104681</td>\n",
       "      <td>1.000000</td>\n",
       "      <td>0.293184</td>\n",
       "      <td>-0.001500</td>\n",
       "      <td>...</td>\n",
       "      <td>-0.020436</td>\n",
       "      <td>0.010538</td>\n",
       "      <td>-0.015631</td>\n",
       "      <td>-0.031575</td>\n",
       "      <td>-0.086688</td>\n",
       "      <td>0.029297</td>\n",
       "      <td>0.024353</td>\n",
       "      <td>-0.084569</td>\n",
       "      <td>-0.059166</td>\n",
       "      <td>-0.039157</td>\n",
       "    </tr>\n",
       "    <tr>\n",
       "      <th>paid</th>\n",
       "      <td>-0.035933</td>\n",
       "      <td>0.159700</td>\n",
       "      <td>0.086981</td>\n",
       "      <td>-0.066420</td>\n",
       "      <td>0.167220</td>\n",
       "      <td>-0.188039</td>\n",
       "      <td>-0.020753</td>\n",
       "      <td>0.293184</td>\n",
       "      <td>1.000000</td>\n",
       "      <td>-0.021382</td>\n",
       "      <td>...</td>\n",
       "      <td>0.000460</td>\n",
       "      <td>-0.064253</td>\n",
       "      <td>0.010493</td>\n",
       "      <td>0.062465</td>\n",
       "      <td>0.060454</td>\n",
       "      <td>-0.078132</td>\n",
       "      <td>0.007435</td>\n",
       "      <td>0.039079</td>\n",
       "      <td>0.105198</td>\n",
       "      <td>0.101996</td>\n",
       "    </tr>\n",
       "    <tr>\n",
       "      <th>activities</th>\n",
       "      <td>-0.103063</td>\n",
       "      <td>0.108277</td>\n",
       "      <td>0.112643</td>\n",
       "      <td>-0.007766</td>\n",
       "      <td>0.089877</td>\n",
       "      <td>-0.069341</td>\n",
       "      <td>0.046032</td>\n",
       "      <td>-0.001500</td>\n",
       "      <td>-0.021382</td>\n",
       "      <td>1.000000</td>\n",
       "      <td>...</td>\n",
